
--- 2565 ---
ขาวนาปรัง : เนื้อที่เพาะปลูก เนื้อที่เก็บเกี่ยว ผลผลิต และผลผลิตตอไร ระดับประเทศ ภาค และจังหวัด 
                ป 2565 ที่ความชื้น 15% 
เนื้อที่เพาะปลูก
เนื้อที่เก็บเกี่ยว
ผลผลิต
ผลผลิตตอไร (กก.)
(ไร)
(ไร)
(ตัน)
ปลูก
เก็บ
รวมทั้งประเทศ
9,547,390
        
9,517,803
        
6,171,197
        
646
         
648
         
ภาคเหนือ
3,292,488
        
3,281,930
        
2,062,269
        
626
         
628
         
ภาคตะวันออกเฉียงเหนือ
1,892,820
        
1,883,336
        
1,080,911
        
571
         
574
         
ภาคกลาง
4,290,281
        
4,280,797
        
2,988,740
        
697
         
698
         
ภาคใต
71,801
            
71,740
            
39,277
            
547
         
547
         
เชียงราย
335,389
            
334,463
            
213,049
            
635
          
637
          
พะเยา
42,994
             
42,966
             
26,745
             
622
          
622
          
ลําปาง
24,203
             
24,140
             
12,527
             
518
          
519
          
ลําพูน
7,361
               
7,355
               
5,152
               
700
          
700
          
เชียงใหม
85,683
             
85,466
             
58,390
             
681
          
683
          
แมฮองสอน
107
                 
107
                 
60
                   
561
          
561
          
ตาก
13,228
             
13,204
             
7,213
               
545
          
546
          
กําแพงเพชร
387,923
            
387,700
            
241,027
            
621
          
622
          
สุโขทัย
463,121
            
460,376
            
261,247
            
564
          
567
          
แพร
31,848
             
31,761
             
18,453
             
579
          
581
          
นาน
12,578
             
12,543
             
7,175
               
570
          
572
          
อุตรดิตถ
288,804
            
288,394
            
186,608
            
646
          
647
          
พิษณุโลก
455,224
            
454,696
            
278,354
            
611
          
612
          
พิจิตร
470,853
            
469,754
            
307,387
            
653
          
654
          
นครสวรรค
525,436
            
521,396
            
346,383
            
659
          
664
          
อุทัยธานี
110,860
            
110,733
            
71,074
             
641
          
642
          
เพชรบูรณ
36,876
             
36,876
             
21,425
             
581
          
581
          
เลย
703
                 
703
                 
278
                 
395
          
395
          
หนองบัวลําภู
24,800
             
24,519
             
12,451
             
502
          
508
          
อุดรธานี
45,149
             
45,041
             
23,252
             
515
          
516
          
หนองคาย
89,712
             
88,909
             
46,557
             
519
          
524
          
บึงกาฬ
14,692
             
14,582
             
7,520
               
512
          
516
          
สกลนคร
63,844
             
63,243
             
29,930
             
469
          
473
          
นครพนม
70,823
             
70,376
             
36,385
             
514
          
517
          
มุกดาหาร
1,193
               
1,193
               
640
                 
536
          
536
          
ประเทศ/ภาค/จังหวัด

เนื้อที่เพาะปลูก
เนื้อที่เก็บเกี่ยว
ผลผลิต
ผลผลิตตอไร (กก.)
(ไร)
(ไร)
(ตัน)
ปลูก
เก็บ
ประเทศ/ภาค/จังหวัด
ยโสธร
67,390
             
67,199
             
37,832
             
561
          
563
          
อํานาจเจริญ
2,511
               
2,511
               
1,219
               
485
          
485
          
อุบลราชธานี
166,470
            
165,902
            
79,618
             
478
          
480
          
ศรีสะเกษ
68,924
             
68,618
             
35,426
             
514
          
516
          
สุรินทร
45,066
             
44,464
             
19,839
             
440
          
446
          
บุรีรัมย
43,669
             
43,423
             
22,614
             
518
          
521
          
มหาสารคาม
178,601
            
178,204
            
107,293
            
601
          
602
          
รอยเอ็ด
242,034
            
239,893
            
136,586
            
564
          
569
          
กาฬสินธุ
275,846
            
274,887
            
179,656
            
651
          
654
          
ขอนแกน
138,692
            
138,243
            
79,951
             
576
          
578
          
ชัยภูมิ
82,273
             
82,019
             
51,299
             
624
          
625
          
นครราชสีมา
270,428
            
269,407
            
172,565
            
638
          
641
          
สระบุรี
146,628
            
146,284
            
95,702
             
653
          
654
          
ลพบุรี
204,872
            
204,402
            
129,828
            
634
          
635
          
สิงหบุรี
158,701
            
158,510
            
106,462
            
671
          
672
          
ชัยนาท
367,415
            
367,056
            
243,526
            
663
          
663
          
สุพรรณบุรี
820,804
            
820,261
            
603,384
            
735
          
736
          
อางทอง
154,185
            
154,160
            
99,868
             
648
          
648
          
อยุธยา
648,358
            
647,718
            
461,714
            
712
          
713
          
นนทบุรี
77,993
             
77,962
             
56,382
             
723
          
723
          
กรุงเทพมหานคร
73,642
             
73,539
             
48,128
             
654
          
654
          
ปทุมธานี
208,857
            
208,724
            
148,989
            
713
          
714
          
นครนายก
153,453
            
152,805
            
100,217
            
653
          
656
          
ปราจีนบุรี
125,718
            
124,479
            
77,814
             
619
          
625
          
ฉะเชิงเทรา
319,324
            
316,756
            
214,637
            
672
          
678
          
สระแกว
32,890
             
32,727
             
20,442
             
622
          
625
          
ตราด
2,514
               
2,462
               
1,389
               
553
          
564
          
ระยอง
3,460
               
3,438
               
1,877
               
542
          
546
          
ชลบุรี
33,904
             
33,674
             
22,307
             
658
          
662
          
สมุทรปราการ
14,848
             
14,712
             
10,110
             
681
          
687
          
สมุทรสาคร
2,560
               
2,547
               
1,750
               
684
          
687
          
นครปฐม
235,142
            
234,775
            
181,153
            
770
          
772
          

เนื้อที่เพาะปลูก
เนื้อที่เก็บเกี่ยว
ผลผลิต
ผลผลิตตอไร (กก.)
(ไร)
(ไร)
(ตัน)
ปลูก
เก็บ
ประเทศ/ภาค/จังหวัด
กาญจนบุรี
179,580
            
179,128
            
131,152
            
730
          
732
          
ราชบุรี
159,365
            
159,189
            
113,933
            
715
          
716
          
สมุทรสงคราม
1,610
               
1,605
               
1,133
               
704
          
706
          
เพชรบุรี
154,252
            
154,109
            
110,986
            
720
          
720
          
ประจวบคีรีขันธ
10,206
             
9,775
               
5,857
               
574
          
599
          
ชุมพร
459
                 
459
                 
228
                 
497
          
497
          
สุราษฎรธานี
1,908
               
1,908
               
886
                 
464
          
464
          
ตรัง
34
                   
27
                   
9
                     
265
          
333
          
นครศรีธรรมราช
5,179
               
5,179
               
2,416
               
466
          
466
          
พัทลุง
27,497
             
27,443
             
14,314
             
521
          
522
          
สงขลา
15,576
             
15,576
             
8,488
               
545
          
545
          
สตูล
60
                   
60
                   
4.48
                 
75
            
75
            
ปตตานี
20,508
             
20,508
             
12,634
             
616
          
616
          
นราธิวาส
580
                 
580
                 
298
                 
514
          
514
          


--- 2566 ---
 ขาวนาปรัง : เนื้อที่เพาะปลูก เนื้อที่เก็บเกี่ยว ผลผลิต และผลผลิตตอไร ระดับประเทศ ภาค และจังหวัด ป 2566 
ที่ความชื้น 15%
เนื้อที่เพาะปลูก
เนื้อที่เก็บเกี่ยว
ผลผลิต
ผลผลิตตอไร (กก./ไร)
(ไร)
(ไร)
(ตัน)
ปลูก
เก็บ
รวมทั้งประเทศ
10,606,128
           
10,581,029
          
6,917,771
         
652
         
654
         
ภาคเหนือ
3,995,691
             
3,987,197
           
2,538,235
         
635
         
637
         
ภาคตะวันออกเฉียงเหนือ
1,907,470
             
1,899,793
           
1,094,978
         
574
         
576
         
ภาคกลาง
4,614,381
             
4,605,573
           
3,236,890
         
701
         
703
         
ภาคใต
88,586
                 
88,466
                
47,668
             
538
         
539
         
เชียงราย
400,524
                 
399,597
               
253,671
             
633
          
635
          
พะเยา
62,105
                   
62,012
                 
38,280
              
616
          
617
          
ลําปาง
38,883
                   
38,786
                 
20,856
              
536
          
538
          
ลําพูน
17,391
                   
17,383
                 
11,621
              
668
          
669
          
เชียงใหม
116,578
                 
115,863
               
77,613
              
666
          
670
          
แมฮองสอน
57
                        
57
                       
33
                    
579
          
579
          
ตาก
14,117
                   
14,041
                 
7,760
                
550
          
553
          
กําแพงเพชร
502,772
                 
502,772
               
316,912
             
630
          
630
          
สุโขทัย
485,785
                 
483,066
               
277,351
             
571
          
574
          
แพร
30,511
                   
30,381
                 
17,704
              
580
          
583
          
นาน
9,821
                    
9,787
                  
5,589
                
569
          
571
          
อุตรดิตถ
310,294
                 
307,500
               
201,081
             
648
          
654
          
พิษณุโลก
713,449
                 
712,615
               
445,174
             
624
          
625
          
พิจิตร
535,782
                 
535,782
               
355,722
             
664
          
664
          
นครสวรรค
613,963
                 
613,913
               
418,552
             
682
          
682
          
อุทัยธานี
106,776
                 
106,759
               
68,318
              
640
          
640
          
เพชรบูรณ
36,883
                   
36,883
                 
21,998
              
596
          
596
          
เลย
588
                       
588
                     
239
                  
406
          
406
          
หนองบัวลําภู
15,701
                   
15,483
                 
7,962
                
507
          
514
          
อุดรธานี
40,603
                   
40,459
                 
21,109
              
520
          
522
          
หนองคาย
86,457
                   
85,980
                 
44,758
              
518
          
521
          
บึงกาฬ
14,559
                   
14,479
                 
7,504
                
515
          
518
          
สกลนคร
65,935
                   
65,230
                 
30,792
              
467
          
472
          
นครพนม
66,641
                   
66,376
                 
34,007
              
510
          
512
          
มุกดาหาร
802
                       
802
                     
432
                  
539
          
539
          
ยโสธร
70,517
                   
70,381
                 
39,568
              
561
          
562
          
อํานาจเจริญ
2,190
                    
2,190
                  
1,071
                
489
          
489
          
อุบลราชธานี
155,354
                 
154,981
               
75,011
              
483
          
484
          
ศรีสะเกษ
70,787
                   
70,582
                 
37,102
              
524
          
526
          
สุรินทร
44,608
                   
44,423
                 
19,393
              
435
          
437
          
ประเทศ/ภาค/จังหวัด

เนื้อที่เพาะปลูก
เนื้อที่เก็บเกี่ยว
ผลผลิต
ผลผลิตตอไร (กก./ไร)
(ไร)
(ไร)
(ตัน)
ปลูก
เก็บ
ประเทศ/ภาค/จังหวัด
บุรีรัมย
46,676
                   
46,611
                 
24,214
              
519
          
519
          
มหาสารคาม
191,184
                 
190,823
               
113,291
             
593
          
594
          
รอยเอ็ด
250,156
                 
248,810
               
144,395
             
577
          
580
          
กาฬสินธุ
279,519
                 
278,143
               
182,181
             
652
          
655
          
ขอนแกน
147,208
                 
146,871
               
83,618
              
568
          
569
          
ชัยภูมิ
87,723
                   
87,339
                 
54,803
              
625
          
627
          
นครราชสีมา
270,262
                 
269,242
               
173,528
             
642
          
645
          
สระบุรี
154,394
                 
154,055
               
102,679
             
665
          
667
          
ลพบุรี
354,573
                 
354,154
               
229,483
             
647
          
648
          
สิงหบุรี
194,865
                 
194,625
               
131,276
             
674
          
675
          
ชัยนาท
409,159
                 
408,699
               
271,085
             
663
          
663
          
สุพรรณบุรี
862,872
                 
862,361
               
638,586
             
740
          
741
          
อางทอง
235,925
                 
235,871
               
158,685
             
673
          
673
          
อยุธยา
658,109
                 
657,375
               
488,276
             
742
          
743
          
นนทบุรี
76,467
                   
76,433
                 
55,713
              
729
          
729
          
กรุงเทพมหานคร
74,125
                   
74,000
                 
48,772
              
658
          
659
          
ปทุมธานี
202,482
                 
202,269
               
146,087
             
721
          
722
          
นครนายก
158,266
                 
157,149
               
104,315
             
659
          
664
          
ปราจีนบุรี
123,572
                 
122,603
               
76,301
              
617
          
622
          
ฉะเชิงเทรา
305,701
                 
303,876
               
205,455
             
672
          
676
          
สระแกว
31,445
                   
31,192
                 
19,247
              
612
          
617
          
ตราด
2,565
                    
2,495
                  
1,347
                
525
          
540
          
ระยอง
3,250
                    
3,237
                  
1,775
                
546
          
548
          
ชลบุรี
33,327
                   
33,191
                 
22,175
              
665
          
668
          
สมุทรปราการ
13,845
                   
13,749
                 
9,624
                
695
          
700
          
สมุทรสาคร
2,245
                    
2,239
                  
1,513
                
674
          
676
          
นครปฐม
226,714
                 
226,410
               
176,235
             
777
          
778
          
กาญจนบุรี
175,971
                 
175,617
               
126,318
             
718
          
719
          
ราชบุรี
152,336
                 
152,180
               
107,535
             
706
          
707
          
สมุทรสงคราม
1,257
                    
1,251
                  
872
                  
694
          
697
          
เพชรบุรี
147,844
                 
147,717
               
105,778
             
715
          
716
          
ประจวบคีรีขันธ
13,072
                   
12,825
                 
7,758
                
593
          
605
          
ชุมพร
446
                       
446
                     
204
                  
457
          
457
          
สุราษฎรธานี
1,679
                    
1,679
                  
793
                  
472
          
472
          
กระบี่
51
                        
51
                       
25
                    
490
          
490
          
ตรัง
10
                        
10
                       
3
                      
348
          
348
          
นครศรีธรรมราช
4,314
                    
4,294
                  
2,016
                
467
          
469
          
พัทลุง
21,700
                   
21,700
                 
12,017
              
554
          
554
          

เนื้อที่เพาะปลูก
เนื้อที่เก็บเกี่ยว
ผลผลิต
ผลผลิตตอไร (กก./ไร)
(ไร)
(ไร)
(ตัน)
ปลูก
เก็บ
ประเทศ/ภาค/จังหวัด
สงขลา
41,680
                   
41,580
                 
21,634
              
519
          
520
          
ปตตานี
18,706
                   
18,706
                 
10,976
              
587
          
587
          


--- 2567 ---
เนื้อที่เพาะปลูก
เนื้อที่เก็บเกี่ยว
ผลผลิต
ผลผลิตตอไร (กก./ไร)
(ไร)
(ไร)
(ตัน)
ปลูก
เก็บ
รวมทั้งประเทศ
10,057,534
        
10,023,876
             
6,544,570
                
651
         
653
           
ภาคเหนือ
3,929,195
          
3,914,665
               
2,505,200
                
638
         
640
           
ภาคตะวันออกเฉียงเหนือ
1,690,135
          
1,679,968
               
957,862
                  
567
         
570
           
ภาคกลาง
4,355,509
          
4,346,960
               
3,037,081
                
697
         
699
           
ภาคใต
82,695
              
82,283
                   
44,427
                    
537
         
540
           
เชียงราย
365,838
              
357,326
                   
224,049
                    
612
          
627
            
พะเยา
34,717
               
34,552
                     
20,648
                     
595
          
598
            
ลําปาง
32,387
               
32,285
                     
16,737
                     
517
          
518
            
ลําพูน
8,303
                 
8,292
                      
5,254
                       
633
          
634
            
เชียงใหม
103,398
              
103,100
                   
68,597
                     
663
          
665
            
แมฮองสอน
68
                     
68
                          
38
                           
559
          
559
            
ตาก
12,232
               
12,200
                     
6,789
                       
555
          
556
            
กําแพงเพชร
541,404
              
540,622
                   
341,221
                    
630
          
631
            
สุโขทัย
485,836
              
483,598
                   
281,700
                    
580
          
583
            
แพร
24,405
               
24,323
                     
14,447
                     
592
          
594
            
นาน
9,412
                 
9,404
                      
5,394
                       
573
          
574
            
อุตรดิตถ
290,186
              
289,421
                   
190,596
                    
657
          
659
            
พิษณุโลก
720,406
              
718,933
                   
454,367
                    
631
          
632
            
พิจิตร
580,758
              
580,758
                   
389,010
                    
670
          
670
            
นครสวรรค
603,197
              
603,197
                   
412,940
                    
685
          
685
            
อุทัยธานี
83,469
               
83,420
                     
53,831
                     
645
          
645
            
เพชรบูรณ
33,179
               
33,166
                     
19,582
                     
590
          
590
            
เลย
565
                   
564
                         
230
                         
407
          
408
            
หนองบัวลําภู
11,898
               
11,690
                     
6,087
                       
512
          
521
            
อุดรธานี
39,917
               
39,854
                     
21,102
                     
529
          
529
            
หนองคาย
93,570
               
92,231
                     
48,509
                     
518
          
526
            
บึงกาฬ
13,786
               
13,663
                     
7,140
                       
518
          
523
            
สกลนคร
70,969
               
70,547
                     
33,994
                     
479
          
482
            
นครพนม
64,285
               
63,948
                     
33,332
                     
519
          
521
            
มุกดาหาร
798
                   
798
                         
432
                         
541
          
541
            
ยโสธร
70,870
               
70,701
                     
40,559
                     
572
          
574
            
อํานาจเจริญ
2,161
                 
2,161
                      
1,068
                       
494
          
494
            
อุบลราชธานี
148,678
              
147,735
                   
72,350
                     
487
          
490
            
ศรีสะเกษ
71,117
               
70,938
                     
37,847
                     
532
          
534
            
สุรินทร
44,079
               
43,695
                     
19,539
                     
443
          
447
            
บุรีรัมย
25,174
               
24,796
                     
12,314
                     
489
          
497
            
มหาสารคาม
187,158
              
186,824
                   
110,005
                    
588
          
589
            
ประเทศ/ภาค/จังหวัด
ขาวนาปรัง : เนื้อที่เพาะปลูก เนื้อที่เก็บเกี่ยว ผลผลิต และผลผลิตตอไร ระดับประเทศ ภาค และจังหวัด ป 2567 ที่ความชื้น 15%

เนื้อที่เพาะปลูก
เนื้อที่เก็บเกี่ยว
ผลผลิต
ผลผลิตตอไร (กก./ไร)
(ไร)
(ไร)
(ตัน)
ปลูก
เก็บ
ประเทศ/ภาค/จังหวัด
รอยเอ็ด
248,383
              
247,082
                   
142,895
                    
575
          
578
            
กาฬสินธุ
277,990
              
276,753
                   
182,507
                    
657
          
659
            
ขอนแกน
143,079
              
142,755
                   
79,786
                     
558
          
559
            
ชัยภูมิ
81,005
               
79,483
                     
49,823
                     
615
          
627
            
นครราชสีมา
94,653
               
93,750
                     
58,343
                     
616
          
622
            
สระบุรี
157,653
              
157,399
                   
104,058
                    
660
          
661
            
ลพบุรี
280,704
              
280,246
                   
179,994
                    
641
          
642
            
สิงหบุรี
197,821
              
197,544
                   
132,294
                    
669
          
670
            
ชัยนาท
407,367
              
406,950
                   
268,317
                    
659
          
659
            
สุพรรณบุรี
770,396
              
769,851
                   
569,786
                    
740
          
740
            
อางทอง
241,686
              
241,534
                   
161,209
                    
667
          
667
            
อยุธยา
667,394
              
666,775
                   
497,381
                    
745
          
746
            
นนทบุรี
78,762
               
78,720
                     
56,905
                     
722
          
723
            
กรุงเทพมหานคร
75,393
               
75,254
                     
49,415
                     
655
          
657
            
ปทุมธานี
201,279
              
201,031
                   
144,046
                    
716
          
717
            
นครนายก
159,964
              
159,010
                   
103,727
                    
648
          
652
            
ปราจีนบุรี
124,416
              
123,470
                   
76,136
                     
612
          
617
            
ฉะเชิงเทรา
298,807
              
297,297
                   
199,811
                    
669
          
672
            
สระแกว
11,730
               
11,550
                     
6,851
                       
584
          
593
            
ตราด
2,520
                 
2,478
                      
1,321
                       
524
          
533
            
ระยอง
2,642
                 
2,623
                      
1,412
                       
534
          
538
            
ชลบุรี
32,053
               
31,936
                     
20,674
                     
645
          
647
            
สมุทรปราการ
13,397
               
13,112
                     
9,068
                       
677
          
692
            
สมุทรสาคร
2,225
                 
2,222
                      
1,514
                       
680
          
681
            
นครปฐม
225,865
              
225,613
                   
172,557
                    
764
          
765
            
กาญจนบุรี
171,501
              
171,029
                   
120,345
                    
702
          
704
            
ราชบุรี
145,670
              
145,465
                   
100,441
                    
690
          
690
            
สมุทรสงคราม
1,536
                 
1,533
                      
1,064
                       
693
          
694
            
เพชรบุรี
81,808
               
81,675
                     
57,275
                     
700
          
701
            
ประจวบคีรีขันธ
2,920
                 
2,643
                      
1,480
                       
507
          
560
            
ชุมพร
389
                   
389
                         
173
                         
445
          
445
            
สุราษฎรธานี
1,253
                 
1,233
                      
543
                         
433
          
440
            
กระบี่
76
                     
76
                          
36.00
                       
474
          
474
            
ตรัง
34
                     
33
                          
4.65
                         
137
          
141
            
นครศรีธรรมราช
2,625
                 
2,413
                      
1,084
                       
413
          
449
            
พัทลุง
20,245
               
20,117
                     
11,078
                     
547
          
551
            
สงขลา
40,054
               
40,003
                     
21,083
                     
526
          
527
            
ปตตานี
18,019
               
18,019
                     
10,425
                     
579
          
579
            


--- 2568 ---
เนื้อที่เพาะปลูก
เนื้อที่เก็บเกี่ยว
ผลผลิต
ผลผลิตตอไร (กก./ไร)
(ไร)
(ไร)
(ตัน)
ปลูก
เก็บ
รวมทั้งประเทศ
12,640,750
                  
12,608,540
                  
8,252,742
          
653
         
655
         
ภาคเหนือ
5,285,153
                    
5,270,606
                    
3,416,685
          
646
         
648
         
ภาคตะวันออกเฉียงเหนือ
2,411,269
                    
2,402,310
                    
1,356,857
          
563
         
565
         
ภาคกลาง
4,850,425
                    
4,841,721
                    
3,430,014
          
707
         
708
         
ภาคใต
93,903
                        
93,903
                        
49,186
              
524
         
524
         
เชียงราย
509,983
                        
508,845
                        
344,597
              
676
          
677
          
พะเยา
95,550
                          
95,378
                          
61,982
               
649
          
650
          
ลําปาง
58,745
                          
58,624
                          
33,427
               
569
          
570
          
ลําพูน
26,553
                          
26,539
                          
17,950
               
676
          
676
          
เชียงใหม
161,324
                        
160,991
                        
114,576
              
710
          
712
          
แมฮองสอน
75
                                
75
                                
45
                     
600
          
600
          
ตาก
30,231
                          
29,705
                          
16,536
               
547
          
557
          
กําแพงเพชร
599,457
                        
597,085
                        
379,944
              
634
          
636
          
สุโขทัย
572,402
                        
570,445
                        
326,008
              
570
          
571
          
แพร
53,275
                          
52,874
                          
31,692
               
595
          
599
          
นาน
14,405
                          
14,375
                          
8,357
                 
580
          
581
          
อุตรดิตถ
364,226
                        
363,532
                        
243,209
              
668
          
669
          
พิษณุโลก
832,221
                        
830,851
                        
523,923
              
630
          
631
          
พิจิตร
827,349
                        
824,730
                        
549,720
              
664
          
667
          
นครสวรรค
913,188
                        
911,229
                        
619,783
              
679
          
680
          
อุทัยธานี
169,232
                        
168,571
                        
109,910
              
649
          
652
          
เพชรบูรณ
56,937
                          
56,757
                          
35,026
               
615
          
617
          
เลย
1,307
                            
1,287
                            
517
                   
396
          
402
          
หนองบัวลําภู
37,604
                          
37,317
                          
19,934
               
530
          
534
          
อุดรธานี
77,493
                          
77,366
                          
40,728
               
526
          
526
          
หนองคาย
116,092
                        
115,461
                        
61,557
               
530
          
533
          
บึงกาฬ
20,305
                          
20,170
                          
10,176
               
501
          
505
          
สกลนคร
142,040
                        
141,462
                        
69,131
               
487
          
489
          
นครพนม
107,851
                        
107,483
                        
56,248
               
522
          
523
          
มุกดาหาร
1,800
                            
1,800
                            
944
                   
524
          
524
          
ยโสธร
114,574
                        
114,344
                        
71,867
               
627
          
629
          
อํานาจเจริญ
4,252
                            
4,252
                            
2,060
                 
484
          
484
          
ขาวนาปรัง : เนื้อที่เพาะปลูก เนื้อที่เก็บเกี่ยว ผลผลิต และผลผลิตตอไร ระดับประเทศ ภาค และจังหวัด ป 2568 ที่ความชื้น 15%
ประเทศ/ภาค/จังหวัด

เนื้อที่เพาะปลูก
เนื้อที่เก็บเกี่ยว
ผลผลิต
ผลผลิตตอไร (กก./ไร)
(ไร)
(ไร)
(ตัน)
ปลูก
เก็บ
ประเทศ/ภาค/จังหวัด
อุบลราชธานี
174,428
                        
173,800
                        
85,813
               
492
          
494
          
ศรีสะเกษ
116,523
                        
116,193
                        
61,491
               
528
          
529
          
สุรินทร
125,306
                        
124,811
                        
56,798
               
453
          
455
          
บุรีรัมย
52,606
                          
52,118
                          
25,772
               
490
          
494
          
มหาสารคาม
215,843
                        
215,483
                        
128,020
              
593
          
594
          
รอยเอ็ด
328,541
                        
327,499
                        
188,400
              
573
          
575
          
กาฬสินธุ
317,325
                        
316,135
                        
206,022
              
649
          
652
          
ขอนแกน
172,764
                        
172,392
                        
95,854
               
555
          
556
          
ชัยภูมิ
144,471
                        
143,876
                        
90,579
               
627
          
630
          
นครราชสีมา
140,144
                        
139,061
                        
84,946
               
606
          
611
          
สระบุรี
181,411
                        
181,058
                        
120,084
              
662
          
663
          
ลพบุรี
352,763
                        
352,218
                        
228,810
              
649
          
650
          
สิงหบุรี
229,987
                        
229,676
                        
156,305
              
680
          
681
          
ชัยนาท
465,969
                        
465,324
                        
308,373
              
662
          
663
          
สุพรรณบุรี
907,376
                        
906,323
                        
678,758
              
748
          
749
          
อางทอง
255,939
                        
255,597
                        
173,311
              
677
          
678
          
อยุธยา
714,922
                        
714,070
                        
539,503
              
755
          
756
          
นนทบุรี
75,374
                          
75,339
                          
54,938
               
729
          
729
          
กรุงเทพมหานคร
76,529
                          
76,399
                          
49,959
               
653
          
654
          
ปทุมธานี
220,764
                        
220,496
                        
158,815
              
719
          
720
          
นครนายก
163,790
                        
162,950
                        
109,874
              
671
          
674
          
ปราจีนบุรี
134,285
                        
133,686
                        
86,451
               
644
          
647
          
ฉะเชิงเทรา
256,366
                        
255,083
                        
175,564
              
685
          
688
          
สระแกว
11,706
                          
11,575
                          
6,734
                 
575
          
582
          
ตราด
2,466
                            
2,425
                            
1,300
                 
527
          
536
          
ระยอง
2,610
                            
2,592
                            
1,388
                 
532
          
535
          
ชลบุรี
32,609
                          
32,484
                          
21,212
               
650
          
653
          
สมุทรปราการ
14,753
                          
14,661
                          
10,481
               
710
          
715
          
สมุทรสาคร
2,940
                            
2,935
                            
2,010
                 
684
          
685
          
นครปฐม
237,153
                        
236,874
                        
183,772
              
775
          
776
          
กาญจนบุรี
181,185
                        
180,918
                        
128,833
              
711
          
712
          
ราชบุรี
148,829
                        
148,628
                        
105,246
              
707
          
708
          
สมุทรสงคราม
1,638
                            
1,633
                            
1,145
                 
699
          
701
          
เพชรบุรี
174,527
                        
174,335
                        
124,524
              
713
          
714
          

เนื้อที่เพาะปลูก
เนื้อที่เก็บเกี่ยว
ผลผลิต
ผลผลิตตอไร (กก./ไร)
(ไร)
(ไร)
(ตัน)
ปลูก
เก็บ
ประเทศ/ภาค/จังหวัด
ประจวบคีรีขันธ
4,534
                            
4,442
                            
2,624
                 
579
          
591
          
ชุมพร
552
                              
552
                              
251
                   
455
          
455
          
สุราษฎรธานี
1,315
                            
1,315
                            
599
                   
456
          
456
          
กระบี่
74
                                
74
                                
34.00
                 
459
          
459
          
ตรัง
87
                                
87
                                
32.00
                 
368
          
368
          
นครศรีธรรมราช
6,251
                            
6,251
                            
2,921
                 
467
          
467
          
พัทลุง
29,915
                          
29,915
                          
16,090
               
538
          
538
          
สงขลา
38,768
                          
38,768
                          
20,119
               
519
          
519
          
สตูล
46
                                
46
                                
23
                     
500
          
500
          
ปตตานี
16,680
                          
16,680
                          
9,018
                 
541
          
541
          
ยะลา
80
                                
80
                                
48
                     
600
          
600
          
นราธิวาส
135
                              
135
                              
51
                     
378
          
378
          

